|   NUM_EXP |   fp_length | data_file          |   num_iters |   fp_depth |   conv_width |   learn_rate |   Neural Fingerprint test RMSE |   Neural Fingerprint test R2 |   Morgan Fingerprint test R2 |   Neural Fingerprint train RMSE |   Neural Fingerprint val RMSE |   Neural Fingerprint train R2 |   Neural Fingerprint val R2 |   Morgan Fingerprint train RMSE |   Morgan Fingerprint val RMSE |   Morgan Fingerprint train R2 |   Morgan Fingerprint val R2 |
|----------:|------------:|:-------------------|------------:|-----------:|-------------:|-------------:|-------------------------------:|-----------------------------:|-----------------------------:|--------------------------------:|------------------------------:|------------------------------:|----------------------------:|--------------------------------:|------------------------------:|------------------------------:|----------------------------:|
|        60 |          32 | logp_mean          |        2200 |          3 |           10 |           -3 |                           0.61 |                         0.9  |                         0.17 |                            0.61 |                          0.68 |                          0.89 |                        0.87 |                            1.63 |                          1.75 |                          0.23 |                        0.11 |
|       102 |          32 | logp_mean          |         510 |          4 |           30 |           -3 |                           0.67 |                         0.88 |                         0.09 |                            0.77 |                          0.8  |                          0.83 |                        0.81 |                            1.72 |                          1.86 |                          0.15 |                       -0    |
|        70 |         128 | logp_mean          |         510 |          4 |           10 |           -3 |                           0.68 |                         0.87 |                         0.36 |                            0.82 |                          0.83 |                          0.81 |                        0.8  |                            1.21 |                          1.47 |                          0.58 |                        0.37 |
|        61 |          32 | logP_wo_parameters |        2620 |          3 |           10 |           -3 |                           0.68 |                         0.86 |                         0.16 |                            0.63 |                          0.7  |                          0.88 |                        0.85 |                            1.58 |                          1.6  |                          0.24 |                        0.19 |
|        96 |          32 | logp_mean          |         510 |          3 |           30 |           -3 |                           0.68 |                         0.87 |                         0.11 |                            0.81 |                          0.83 |                          0.81 |                        0.8  |                            1.68 |                          1.79 |                          0.19 |                        0.07 |
|        66 |          32 | logp_mean          |         510 |          4 |           10 |           -3 |                           0.69 |                         0.87 |                         0.09 |                            0.71 |                          0.74 |                          0.85 |                        0.84 |                            1.72 |                          1.86 |                          0.15 |                       -0    |
|       104 |          64 | logp_mean          |         510 |          4 |           30 |           -3 |                           0.69 |                         0.87 |                         0.3  |                            0.83 |                          0.86 |                          0.8  |                        0.78 |                            1.38 |                          1.57 |                          0.45 |                        0.28 |
|        80 |          64 | logp_mean          |         510 |          3 |           20 |           -3 |                           0.7  |                         0.87 |                         0.34 |                            0.84 |                          0.87 |                          0.8  |                        0.78 |                            1.33 |                          1.53 |                          0.49 |                        0.32 |
|        62 |          64 | logp_mean          |        1910 |          3 |           10 |           -3 |                           0.71 |                         0.86 |                         0.33 |                            0.57 |                          0.63 |                          0.91 |                        0.88 |                            1.29 |                          1.51 |                          0.52 |                        0.33 |
|       100 |         128 | logp_mean          |         510 |          3 |           30 |           -3 |                           0.72 |                         0.86 |                         0.38 |                            0.73 |                          0.75 |                          0.84 |                        0.84 |                            1.29 |                          1.53 |                          0.52 |                        0.32 |
|        92 |          64 | logp_mean          |         510 |          6 |           20 |           -3 |                           0.73 |                         0.85 |                         0.31 |                            0.86 |                          0.89 |                          0.79 |                        0.77 |                            1.4  |                          1.55 |                          0.43 |                        0.3  |
|        85 |          32 | logP_wo_parameters |         510 |          4 |           20 |           -3 |                           0.73 |                         0.84 |                         0.13 |                            0.56 |                          0.6  |                          0.91 |                        0.89 |                            1.61 |                          1.65 |                          0.22 |                        0.15 |
|        76 |         128 | logp_mean          |         510 |          6 |           10 |           -3 |                           0.73 |                         0.85 |                         0.46 |                            0.75 |                          0.77 |                          0.84 |                        0.83 |                            1.2  |                          1.46 |                          0.59 |                        0.38 |
|        72 |          32 | logp_mean          |         510 |          6 |           10 |           -3 |                           0.73 |                         0.85 |                         0.07 |                            0.93 |                          0.95 |                          0.75 |                        0.74 |                            1.67 |                          1.8  |                          0.19 |                        0.06 |
|        94 |         128 | logp_mean          |         510 |          6 |           20 |           -3 |                           0.73 |                         0.85 |                         0.46 |                            0.76 |                          0.81 |                          0.83 |                        0.81 |                            1.2  |                          1.46 |                          0.59 |                        0.38 |
|        32 |         100 | logP_wo_parameters |        4520 |          4 |           20 |           -3 |                           0.74 |                         0.83 |                         0.42 |                            0.57 |                          0.65 |                          0.9  |                        0.87 |                            0.96 |                          1.38 |                          0.72 |                        0.4  |
|        84 |          32 | logp_mean          |         510 |          4 |           20 |           -3 |                           0.74 |                         0.85 |                         0.09 |                            0.86 |                          0.89 |                          0.79 |                        0.77 |                            1.72 |                          1.86 |                          0.15 |                       -0    |
|        79 |          32 | logP_wo_parameters |         520 |          3 |           20 |           -3 |                           0.75 |                         0.83 |                         0.16 |                            0.61 |                          0.66 |                          0.89 |                        0.86 |                            1.59 |                          1.64 |                          0.24 |                        0.16 |
|        88 |         128 | logp_mean          |         510 |          4 |           20 |           -3 |                           0.76 |                         0.84 |                         0.36 |                            0.77 |                          0.8  |                          0.83 |                        0.81 |                            1.21 |                          1.47 |                          0.58 |                        0.37 |
|        30 |         100 | logp_mean          |         450 |          4 |           20 |           -3 |                           0.76 |                         0.84 |                         0.37 |                            0.7  |                          0.74 |                          0.86 |                        0.84 |                            1.14 |                          1.41 |                          0.63 |                        0.42 |
|        98 |          64 | logp_mean          |         510 |          3 |           30 |           -3 |                           0.76 |                         0.84 |                         0.34 |                            0.78 |                          0.8  |                          0.82 |                        0.81 |                            1.33 |                          1.53 |                          0.49 |                        0.32 |
|        71 |         128 | logP_wo_parameters |         520 |          4 |           10 |           -3 |                           0.77 |                         0.82 |                         0.38 |                            0.61 |                          0.64 |                          0.89 |                        0.87 |                            1.13 |                          1.38 |                          0.61 |                        0.4  |
|        82 |         128 | logp_mean          |         510 |          3 |           20 |           -3 |                           0.77 |                         0.84 |                         0.38 |                            0.69 |                          0.73 |                          0.86 |                        0.85 |                            1.29 |                          1.53 |                          0.52 |                        0.32 |
|        63 |          64 | logP_wo_parameters |         510 |          3 |           10 |           -3 |                           0.79 |                         0.81 |                         0.36 |                            0.62 |                          0.65 |                          0.88 |                        0.87 |                            1.31 |                          1.42 |                          0.48 |                        0.37 |
|       106 |         128 | logp_mean          |         510 |          4 |           30 |           -3 |                           0.79 |                         0.83 |                         0.36 |                            0.73 |                          0.76 |                          0.85 |                        0.83 |                            1.21 |                          1.47 |                          0.58 |                        0.37 |
|        77 |         128 | logP_wo_parameters |         520 |          6 |           10 |           -3 |                           0.8  |                         0.81 |                         0.35 |                            0.66 |                          0.68 |                          0.87 |                        0.86 |                            1.17 |                          1.37 |                          0.59 |                        0.41 |
|        68 |          64 | logp_mean          |         510 |          4 |           10 |           -3 |                           0.8  |                         0.82 |                         0.3  |                            0.99 |                          1    |                          0.72 |                        0.71 |                            1.38 |                          1.57 |                          0.45 |                        0.28 |
|        75 |          64 | logP_wo_parameters |         520 |          6 |           10 |           -3 |                           0.83 |                         0.79 |                         0.26 |                            0.59 |                          0.61 |                          0.9  |                        0.88 |                            1.41 |                          1.51 |                          0.4  |                        0.28 |
|        97 |          32 | logP_wo_parameters |         510 |          3 |           30 |           -3 |                           0.84 |                         0.79 |                         0.16 |                            0.58 |                          0.6  |                          0.9  |                        0.89 |                            1.59 |                          1.64 |                          0.24 |                        0.16 |
|        78 |          32 | logp_mean          |         510 |          3 |           20 |           -3 |                           0.84 |                         0.81 |                         0.11 |                            1.02 |                          1.05 |                          0.7  |                        0.68 |                            1.68 |                          1.79 |                          0.19 |                        0.07 |
|        73 |          32 | logP_wo_parameters |         520 |          6 |           10 |           -3 |                           0.85 |                         0.78 |                         0.1  |                            0.72 |                          0.74 |                          0.84 |                        0.83 |                            1.65 |                          1.71 |                          0.18 |                        0.08 |
|        95 |         128 | logP_wo_parameters |         520 |          6 |           20 |           -3 |                           0.85 |                         0.78 |                         0.35 |                            0.61 |                          0.63 |                          0.89 |                        0.87 |                            1.17 |                          1.37 |                          0.59 |                        0.41 |
|       101 |         128 | logP_wo_parameters |         510 |          3 |           30 |           -3 |                           0.85 |                         0.78 |                         0.45 |                            0.6  |                          0.61 |                          0.89 |                        0.88 |                            1.02 |                          1.25 |                          0.68 |                        0.51 |
|        93 |          64 | logP_wo_parameters |         510 |          6 |           20 |           -3 |                           0.86 |                         0.78 |                         0.26 |                            0.63 |                          0.63 |                          0.88 |                        0.87 |                            1.41 |                          1.51 |                          0.4  |                        0.28 |
|        67 |          32 | logP_wo_parameters |         510 |          4 |           10 |           -3 |                           0.87 |                         0.77 |                         0.13 |                            0.61 |                          0.63 |                          0.89 |                        0.88 |                            1.61 |                          1.65 |                          0.22 |                        0.15 |
|        81 |          64 | logP_wo_parameters |         510 |          3 |           20 |           -3 |                           0.87 |                         0.77 |                         0.36 |                            0.57 |                          0.61 |                          0.9  |                        0.88 |                            1.31 |                          1.42 |                          0.48 |                        0.37 |
|        99 |          64 | logP_wo_parameters |         510 |          3 |           30 |           -3 |                           0.87 |                         0.77 |                         0.36 |                            0.58 |                          0.6  |                          0.9  |                        0.89 |                            1.31 |                          1.42 |                          0.48 |                        0.37 |
|        86 |          64 | logp_mean          |         510 |          4 |           20 |           -3 |                           0.87 |                         0.79 |                         0.3  |                            0.84 |                          0.87 |                          0.79 |                        0.78 |                            1.38 |                          1.57 |                          0.45 |                        0.28 |
|        89 |         128 | logP_wo_parameters |         510 |          4 |           20 |           -3 |                           0.87 |                         0.77 |                         0.38 |                            0.56 |                          0.59 |                          0.9  |                        0.89 |                            1.13 |                          1.38 |                          0.61 |                        0.4  |
|        69 |          64 | logP_wo_parameters |         520 |          4 |           10 |           -3 |                           0.88 |                         0.76 |                         0.28 |                            0.6  |                          0.62 |                          0.89 |                        0.88 |                            1.38 |                          1.49 |                          0.42 |                        0.3  |
|        64 |         128 | logp_mean          |         510 |          3 |           10 |           -3 |                           0.9  |                         0.78 |                         0.38 |                            0.85 |                          0.88 |                          0.79 |                        0.78 |                            1.29 |                          1.53 |                          0.52 |                        0.32 |
|       103 |          32 | logP_wo_parameters |         510 |          4 |           30 |           -3 |                           0.9  |                         0.75 |                         0.13 |                            0.56 |                          0.6  |                          0.91 |                        0.89 |                            1.61 |                          1.65 |                          0.22 |                        0.15 |
|        83 |         128 | logP_wo_parameters |         510 |          3 |           20 |           -3 |                           0.9  |                         0.75 |                         0.45 |                            0.63 |                          0.66 |                          0.88 |                        0.86 |                            1.02 |                          1.25 |                          0.68 |                        0.51 |
|        91 |          32 | logP_wo_parameters |         510 |          6 |           20 |           -3 |                           0.91 |                         0.75 |                         0.1  |                            0.61 |                          0.65 |                          0.89 |                        0.87 |                            1.65 |                          1.71 |                          0.18 |                        0.08 |
|        65 |         128 | logP_wo_parameters |         510 |          3 |           10 |           -3 |                           0.91 |                         0.75 |                         0.45 |                            0.58 |                          0.6  |                          0.9  |                        0.89 |                            1.02 |                          1.25 |                          0.68 |                        0.51 |
|        90 |          32 | logp_mean          |         510 |          6 |           20 |           -3 |                           0.94 |                         0.76 |                         0.07 |                            0.89 |                          0.91 |                          0.77 |                        0.76 |                            1.67 |                          1.8  |                          0.19 |                        0.06 |
|        74 |          64 | logp_mean          |         510 |          6 |           10 |           -3 |                           0.96 |                         0.75 |                         0.31 |                            0.96 |                          0.98 |                          0.73 |                        0.72 |                            1.4  |                          1.55 |                          0.43 |                        0.3  |
|        87 |          64 | logP_wo_parameters |         510 |          4 |           20 |           -3 |                           0.97 |                         0.72 |                         0.28 |                            0.6  |                          0.64 |                          0.89 |                        0.87 |                            1.38 |                          1.49 |                          0.42 |                        0.3  |
|       105 |          64 | logP_wo_parameters |         510 |          4 |           30 |           -3 |                           1.04 |                         0.67 |                         0.28 |                            0.61 |                          0.65 |                          0.89 |                        0.87 |                            1.38 |                          1.49 |                          0.42 |                        0.3  |
|        13 |          60 | logP_wo_parameters |         890 |          3 |           10 |           -3 |                         nan    |                         0.75 |                         0.39 |                            0.69 |                          0.76 |                          0.85 |                        0.82 |                            1.35 |                          1.49 |                          0.45 |                        0.3  |
|        14 |          70 | logp_mean          |         970 |          3 |           10 |           -3 |                         nan    |                         0.73 |                         0.35 |                            0.96 |                          1.01 |                          0.73 |                        0.7  |                            1.31 |                          1.53 |                          0.5  |                        0.32 |
|        15 |          70 | logP_wo_parameters |         890 |          3 |           10 |           -3 |                         nan    |                         0.76 |                         0.38 |                            0.6  |                          0.62 |                          0.89 |                        0.88 |                            1.34 |                          1.49 |                          0.46 |                        0.3  |
|        16 |          80 | logp_mean          |         850 |          3 |           10 |           -3 |                         nan    |                         0.7  |                         0.45 |                            0.65 |                          0.68 |                          0.88 |                        0.87 |                            1.2  |                          1.42 |                          0.58 |                        0.42 |
|        17 |          80 | logP_wo_parameters |         890 |          3 |           10 |           -3 |                         nan    |                         0.85 |                         0.4  |                            0.64 |                          0.66 |                          0.88 |                        0.86 |                            1.25 |                          1.41 |                          0.52 |                        0.38 |
|        18 |          20 | logp_mean          |         700 |          4 |           10 |           -3 |                         nan    |                         0.67 |                         0.05 |                            0.69 |                          0.73 |                          0.86 |                        0.85 |                            1.79 |                          1.83 |                          0.07 |                        0.03 |
|        19 |          20 | logP_wo_parameters |         770 |          4 |           10 |           -3 |                         nan    |                         0.72 |                         0.04 |                            0.6  |                          0.6  |                          0.89 |                        0.89 |                            1.78 |                          1.75 |                          0.04 |                        0.04 |
|        50 |          20 | logp_mean          |         650 |          3 |           10 |           -2 |                         nan    |                         0.53 |                        -0.12 |                            1.2  |                          1.22 |                          0.58 |                        0.56 |                            1.95 |                          1.95 |                         -0.1  |                       -0.11 |
|        51 |          20 | logP_wo_parameters |         870 |          3 |           10 |           -2 |                         nan    |                         0.8  |                        -0.35 |                            0.85 |                          0.85 |                          0.78 |                        0.77 |                            1.79 |                          1.79 |                          0.03 |                       -0    |
|        52 |          30 | logp_mean          |         770 |          3 |           10 |           -2 |                         nan    |                         0.81 |                        -0.03 |                            0.9  |                          0.92 |                          0.77 |                        0.75 |                            1.79 |                          1.81 |                          0.08 |                        0.05 |
|        53 |          30 | logP_wo_parameters |         370 |          3 |           10 |           -2 |                         nan    |                         0.75 |                         0.09 |                            1.31 |                          1.33 |                          0.48 |                        0.45 |                            1.8  |                          1.82 |                          0.02 |                       -0.04 |